Problem                              z_obs      x*                               f(x*)        err
----------------------------------------------------------------------------------------------------
RosenbrockProblem2                   1.0000     [0.000000, 0.000000]             1.000000     0.00e+00
StyblinskiTangProblem2               -60.0000   [-3.248518, 3.084936]            -60.000000   4.97e-14
MichalewiczProblem2                  -1.5000    [2.097956, 1.632165]             -1.500000    8.88e-15
AckleyProblem2                       3.5000     [1.032593, 0.187300]             3.500000     1.10e-13
AlpineProblem2                       5.0000     [-5.300579, 0.200829]            5.000000     1.15e-14
ExpandedSchafferF6Problem2           0.8000     [-8.178575, -5.905071]           0.800000     5.37e-14
ExpandedZakharovProblem2             20.0000    [-0.245732, 2.000000]            20.000000    1.42e-14
GriewankProblem2                     0.5000     [8.991318, -5.785064]            0.500000     4.77e-15
RastriginProblem2                    20.0000    [1.857216, 2.838278]             20.000000    7.11e-14
SalomonProblem2                      1.0000     [7.961685, 4.034466]             1.000000     2.49e-14
SchwefelProblem2                     500.0000   [-289.074269, 70.869565]         500.000000   1.36e-12
SphereProblem2                       4.0000     [1.478150, -1.347246]            4.000000     7.11e-15
BealeProxyProblem                    1.7918     [1.057710, -0.879811]            1.791759     1.11e-14
BoothProblem                         20.0000    [4.162280, -0.162275]            20.000000    2.84e-14
CrossInTrayProblem                   -1.9000    [0.425753, -0.841386]            -1.900000    6.86e-14
DropWaveProblem                      -0.7000    [-0.775270, 0.777145]            -0.700000    5.11e-15
EasomProblem                         -0.5000    [2.975515, 3.792155]             -0.500000    2.11e-15
GoldsteinPriceProxyProblem           3.3322     [-0.267916, -0.719521]           3.332205     1.29e-14
HimmelblauProblem                    5.0000     [3.012892, 1.351034]             5.000000     1.77e-13
HolderTableProblem                   -15.0000   [-7.586684, 9.148047]            -15.000000   1.13e-12
LeviN13Problem                       2.0000     [0.000000, 0.000000]             2.000000     0.00e+00
MatyasProblem                        10.0000    [5.843671, -0.385979]            10.000000    2.84e-14
SchafferN2Problem                    0.5000     [3.443052, -3.327042]            0.500000     1.10e-14
ThreeHumpCamelProblem                2.0000     [1.236365, 0.469524]             2.000000     2.66e-15

Done.
